	0	1	2	3	4	5	6	7	8	9	10	11	12	13	14	15	16	17	18	19	20	
0	343.16, 0	353.25, 0	363.34, 0	373.24, 0	382.77, 0	391.90, 0	400.62, 0	408.91, 0	416.97, 1	424.85, 1	432.72, 2	440.30, 3	447.74, 3	454.87, 4	461.88, 4	468.55, 4	475.01, 5	481.26, 5	487.21, 5	492.88, 5	498.27, 5	
1	353.90, 0	364.18, 0	374.63, 0	384.81, 0	394.49, 0	403.66, 0	412.37, 0	420.66, 0	428.54, 0	436.38, 1	443.86, 1	451.10, 2	458.17, 2	464.91, 2	471.47, 3	477.81, 3	483.86, 3	489.73, 4	495.39, 4	500.78, 4	505.96, 5	
2	365.72, 0	376.11, 0	386.76, 0	397.10, 0	406.84, 0	416.01, 0	424.70, 0	432.96, 0	440.81, 0	448.27, 0	455.38, 0	462.34, 1	469.07, 1	475.49, 1	481.61, 1	487.51, 2	493.27, 2	498.76, 2	503.99, 2	508.95, 3	513.78, 3	
3	377.51, 0	387.88, 0	398.50, 0	408.80, 0	418.50, 0	427.62, 0	436.27, 0	444.47, 0	452.27, 0	459.68, 0	466.74, 0	473.46, 0	479.87, 0	485.98, 0	491.82, 0	497.40, 0	502.83, 1	508.05, 1	513.00, 1	517.63, 1	521.87, 2	
4	388.38, -1	398.59, -1	409.08, 0	419.28, 0	428.90, 0	437.96, 0	446.53, 0	454.66, 0	462.38, 0	469.72, 0	476.70, 0	483.34, 0	489.67, 0	495.70, 0	501.45, 0	506.93, 0	512.15, 0	517.09, 0	521.71, 0	525.95, 0	529.86, 1	
5	398.83, -2	408.90, -1	419.03, -1	428.75, 0	438.29, 0	447.26, 0	455.73, 0	463.76, 0	471.38, 0	478.61, 0	485.49, 0	492.04, 0	498.27, 0	504.19, 0	509.84, 0	515.21, 0	520.31, 0	525.14, 0	529.64, 0	533.76, 0	537.37, 0	
6	408.80, -2	418.64, -2	428.34, -1	437.95, -1	446.99, 0	455.85, 0	464.20, 0	472.10, 0	479.60, 0	486.71, 0	493.47, 0	499.90, 0	506.01, 0	511.83, 0	517.35, 0	522.61, 0	527.60, 0	532.30, 0	536.69, 0	540.68, 0	544.17, 0	
7	418.04, -3	427.81, -2	437.34, -2	446.57, -1	455.48, -1	463.93, 0	472.14, 0	479.89, 0	487.23, 0	494.20, 0	500.83, 0	507.12, 0	513.11, 0	518.80, 0	524.21, 0	529.35, 0	534.22, 0	538.80, 0	543.07, 0	546.95, 0	550.34, 0	
8	427.11, -3	436.48, -3	445.90, -2	454.82, -2	463.51, -1	471.73, -1	479.63, 0	487.22, 0	494.40, 0	501.21, 0	507.68, 0	513.83, 0	519.68, 0	525.24, 0	530.53, 0	535.54, 0	540.29, 0	544.76, 0	548.92, 0	552.69, 0	555.99, 0	
9	435.71, -3	445.00, -3	454.01, -2	462.81, -2	471.11, -1	479.18, -1	486.76, -1	494.15, 0	501.15, 0	507.79, 0	514.10, 0	520.10, 0	525.80, 0	531.23, 0	536.38, 0	541.27, 0	545.90, 0	550.26, 0	554.31, 0	557.98, 0	561.19, 0	
10	443.87, -3	453.07, -3	461.82, -3	470.37, -2	478.45, -2	486.24, -1	493.65, -1	500.73, 0	507.55, 0	514.01, 0	520.15, 0	525.99, 0	531.54, 0	536.82, 0	541.84, 0	546.61, 0	551.12, 0	555.36, 0	559.30, 0	562.88, 0	566.00, 0	
11	451.86, -4	460.74, -3	469.36, -3	477.56, -2	485.48, -2	492.96, -1	500.19, -1	507.01, -1	513.63, 0	519.91, 0	525.87, 0	531.55, 0	536.94, 0	542.08, 0	546.96, 0	551.60, 0	555.99, 0	560.12, 0	563.95, 0	567.43, 0	570.47, 0	
12	459.50, -4	468.05, -4	476.52, -3	484.43, -3	492.16, -2	499.40, -2	506.42, -1	513.05, -1	519.42, 0	525.51, 0	531.30, 0	536.80, 0	542.04, 0	547.03, 0	551.77, 0	556.28, 0	560.55, 0	564.56, 0	568.30, 0	571.68, 0	574.64, 0	
13	466.77, -4	475.20, -4	483.34, -3	491.09, -3	498.54, -2	505.59, -2	512.35, -1	518.79, -1	524.92, 0	530.84, 0	536.45, 0	541.78, 0	546.86, 0	551.70, 0	556.30, 0	560.68, 0	564.82, 0	568.73, 0	572.36, 0	575.66, 0	578.53, 0	
14	473.71, -4	482.00, -4	489.85, -3	497.44, -3	504.61, -2	511.49, -2	518.00, -1	524.26, -1	530.17, -1	535.89, 0	541.32, 0	546.49, 0	551.41, 0	556.10, 0	560.56, 0	564.81, 0	568.84, 0	572.63, 0	576.16, 0	579.37, 0	582.17, 0	
15	480.40, -5	488.49, -4	496.06, -3	503.49, -3	510.41, -2	517.11, -2	523.37, -1	529.46, -1	535.19, -1	540.66, 0	545.92, 0	550.92, 0	555.69, 0	560.23, 0	564.56, 0	568.68, 0	572.59, 0	576.28, 0	579.71, 0	582.84, 0	585.56, 0	
16	486.88, -5	494.69, -4	502.09, -4	509.26, -3	515.97, -3	522.46, -2	528.54, -2	534.37, -1	539.92, -1	545.18, -1	550.22, 0	555.06, 0	559.68, 0	564.08, 0	568.28, 0	572.28, 0	576.08, 0	579.67, 0	583.01, 0	586.05, 0	588.71, 0	
17	493.06, -5	500.60, -4	507.85, -4	514.76, -3	521.29, -3	527.52, -2	533.42, -2	538.97, -2	544.35, -1	549.44, -1	554.28, -1	558.90, -1	563.33, 0	567.61, 0	571.69, 0	575.58, 0	579.28, 0	582.77, 0	586.04, 0	589.01, 0	591.60, 0	
18	498.97, -5	506.24, -4	513.33, -4	519.97, -3	526.33, -3	532.26, -2	537.99, -2	543.37, -2	548.46, -2	553.34, -1	558.04, -1	562.51, -1	566.78, -1	570.86, -1	574.75, -1	578.52, 0	582.13, 0	585.55, 0	588.74, 0	591.65, 0	594.20, 0	
19	504.60, -5	511.67, -5	518.53, -4	524.88, -4	531.05, -3	536.78, -3	542.18, -2	547.40, -2	552.33, -2	557.02, -2	561.49, -2	565.76, -2	569.88, -1	573.86, -1	577.65, -1	581.26, -1	584.68, -1	587.91, 0	591.05, 0	593.91, 0	596.42, 0	
20	509.93, -5	516.86, -5	523.43, -4	529.62, -4	535.54, -3	541.11, -3	546.40, -2	551.47, -2	556.26, -1	560.94, -1	565.39, -1	569.68, 0	573.84, 0	577.83, 0	581.65, 0	585.30, 0	588.78, 0	592.08, 0	595.17, 0	597.98, 0	600.45, 0	
