	0	1	2	3	4	5	6	7	8	9	10	11	12	13	14	15	16	17	18	19	20	
0	0.00, 0	10.49, 0	20.24, 0	28.51, 1	36.85, 1	43.61, 2	49.87, 2	54.00, 3	58.08, 3	60.48, 3	61.97, 4	63.21, 4	63.81, 4	64.09, 4	64.21, 4	64.26, 4	64.29, 4	64.31, 4	64.32, 4	64.32, 4	64.32, 4	
1	11.69, 0	22.22, 0	32.15, 0	40.84, 0	47.88, 1	54.76, 1	59.43, 1	63.28, 2	66.00, 2	67.56, 2	68.44, 2	68.92, 2	69.21, 2	69.42, 3	69.54, 3	69.61, 3	69.65, 3	69.68, 3	69.70, 3	69.71, 3	69.71, 3	
2	26.32, -1	36.22, -1	46.24, 0	55.57, 0	63.22, 0	68.74, 0	72.31, 0	75.34, 1	77.33, 1	78.54, 1	79.29, 1	79.77, 1	80.08, 1	80.27, 1	80.40, 1	80.48, 1	80.53, 1	80.56, 1	80.58, 1	80.59, 1	80.60, 1	
3	46.42, -2	55.24, -1	64.45, -1	72.35, -1	78.60, 0	84.59, 0	88.55, 0	91.06, 0	92.66, 0	93.70, 0	94.38, 0	94.83, 0	95.13, 0	95.32, 0	95.44, 0	95.52, 0	95.57, 0	95.60, 0	95.62, 0	95.64, 0	95.63, 0	
4	69.18, -3	77.69, -2	85.40, -2	91.63, -2	96.48, -1	100.95, -1	103.88, -1	105.78, -1	107.04, -1	107.87, -1	108.43, -1	108.80, -1	109.05, -1	109.20, -1	109.31, -1	109.37, -1	109.41, -1	109.43, -1	109.45, -1	109.44, -1	108.33, 0	
5	91.33, -3	98.86, -3	104.91, -3	109.70, -2	114.33, -2	117.50, -2	119.62, -2	121.02, -2	121.96, -2	122.59, -2	123.01, -2	123.28, -2	123.46, -2	123.56, -2	123.63, -2	123.66, -2	123.66, -2	123.66, -2	123.61, -2	122.31, -1	116.88, 0	
6	109.05, -4	115.58, -3	121.57, -3	126.09, -3	129.32, -3	131.52, -3	133.00, -3	134.00, -3	134.82, -2	135.39, -2	135.77, -2	136.01, -2	136.15, -2	136.21, -2	136.21, -2	136.15, -2	136.04, -2	135.89, -2	135.70, -2	131.13, -1	123.00, 0	
7	123.90, -4	129.76, -4	134.67, -3	139.01, -3	142.05, -3	144.09, -3	145.45, -3	146.35, -3	146.95, -3	147.33, -3	147.57, -3	147.68, -3	147.69, -3	147.60, -3	147.40, -3	147.12, -3	146.77, -3	146.37, -3	144.55, -2	137.84, -1	127.80, 0	
8	136.86, -4	142.54, -4	146.74, -4	150.52, -3	153.34, -3	155.18, -3	156.38, -3	157.16, -3	157.65, -3	157.96, -3	158.11, -3	158.12, -3	158.00, -3	157.72, -3	157.27, -3	156.68, -3	155.99, -3	155.25, -3	151.74, -2	143.33, -1	131.73, 0	
9	149.22, -4	154.68, -4	158.64, -4	161.38, -4	163.95, -3	165.60, -3	166.64, -3	167.28, -3	167.66, -3	167.86, -3	167.89, -3	167.76, -3	167.44, -3	166.89, -3	166.09, -3	165.08, -3	163.95, -3	162.78, -3	157.75, -2	147.89, -1	134.96, 0	
10	161.09, -4	166.34, -4	170.06, -4	172.57, -4	174.21, -4	175.42, -3	176.29, -3	176.79, -3	177.05, -3	177.11, -3	177.00, -3	176.67, -3	176.09, -3	175.20, -3	173.98, -3	172.48, -3	170.82, -3	169.16, -3	162.78, -2	151.66, -1	137.64, 0	
11	172.30, -4	177.35, -4	180.85, -4	183.15, -4	184.59, -4	185.45, -4	185.94, -4	186.16, -4	186.17, -4	185.97, -4	185.52, -4	184.79, -3	183.90, -3	182.61, -3	180.92, -3	178.88, -3	176.68, -3	174.50, -3	166.95, -2	154.79, -1	139.87, 0	
12	182.74, -4	187.62, -4	190.93, -4	193.03, -4	194.29, -4	194.98, -4	195.30, -4	195.36, -4	195.18, -4	194.76, -4	194.05, -4	192.96, -4	191.43, -4	189.43, -4	187.05, -4	184.49, -4	181.99, -4	178.95, -3	170.42, -2	157.39, -1	141.73, 0	
13	192.87, -5	197.18, -4	200.32, -4	202.25, -4	203.32, -4	203.84, -4	203.97, -4	203.83, -4	203.44, -4	202.75, -4	201.72, -4	200.24, -4	198.24, -4	195.71, -4	192.75, -4	189.61, -4	186.59, -4	182.64, -3	173.30, -2	159.57, -1	143.29, 0	
14	202.75, -5	206.13, -4	209.10, -4	210.85, -4	211.75, -4	212.07, -4	212.00, -4	211.63, -4	210.97, -4	209.99, -4	208.59, -4	206.70, -4	204.21, -4	201.13, -4	197.60, -4	193.92, -4	190.41, -4	185.72, -3	175.72, -2	161.40, -1	144.61, 0	
15	212.00, -5	214.86, -5	217.35, -4	218.93, -4	219.63, -4	219.74, -4	219.44, -4	218.81, -4	217.85, -4	216.52, -4	214.74, -4	212.40, -4	209.42, -4	205.81, -4	201.74, -4	197.55, -4	193.60, -4	188.29, -3	177.76, -2	162.95, -1	145.71, 0	
16	220.68, -5	223.37, -5	225.11, -4	226.51, -4	227.00, -4	226.88, -4	226.32, -4	225.39, -4	224.11, -4	222.41, -4	220.22, -4	217.42, -4	213.96, -4	209.84, -4	205.27, -4	200.62, -4	196.27, -4	190.46, -3	179.47, -2	164.25, -1	146.65, 0	
17	228.86, -5	231.38, -5	232.63, -5	233.60, -4	233.87, -4	233.50, -4	232.66, -4	231.42, -4	229.78, -4	227.70, -4	225.09, -4	221.84, -4	217.91, -4	213.31, -4	208.29, -4	203.22, -4	198.52, -4	192.29, -3	180.91, -2	165.34, -1	147.44, 0	
18	236.54, -5	238.89, -5	239.94, -5	240.20, -4	240.24, -4	239.61, -4	238.47, -4	236.90, -4	234.90, -4	232.42, -4	229.39, -4	225.72, -4	221.33, -4	216.30, -4	210.86, -4	205.42, -4	200.41, -4	193.83, -3	182.13, -2	166.27, -1	148.10, 0	
19	243.73, -5	245.90, -5	246.73, -5	246.64, -5	246.11, -4	245.19, -4	243.74, -4	241.83, -4	239.47, -4	236.61, -4	233.18, -4	229.09, -4	224.29, -4	218.86, -4	213.04, -4	207.28, -4	202.01, -4	195.13, -3	183.16, -2	167.05, -1	148.67, 0	
20	250.43, -5	252.46, -5	253.19, -5	252.94, -5	252.39, -4	251.26, -4	249.51, -4	247.26, -4	244.53, -4	241.29, -4	237.47, -4	232.98, -4	227.79, -4	221.98, -4	215.82, -4	209.80, -3	204.23, -4	198.68, -3	193.10, 0	188.78, 0	184.86, 0	
